#\u65B0\u589E\u67AA\u6570\u636E
#Wed Aug 22 22:54:27 CST 2018
0/0/zhijiaowb/0=8,1.399999999999999911182158029987476766109466552734375
sanbei/0/zhijiaowb/0=19,1.5999999999999999222843882762390421703457832336425781250
0/0/0/0=8,1.3
erbei/0/0/0=11,1.399999999999999911182158029987476766109466552734375
hongdian/0/zhijiaowb/zhanshuqiangtuo=8,1.399999999999999911182158029987476766109466552734375
0/0/qingxingshiwb/0=8,1.4999999999999999167332731531132594682276248931884765625
0/bqbuchangqi/0/zhanshuqiangtuo=6,1.399999999999999911182158029987476766109466552734375
hongdian/0/zhijiaowb/0=8,1.399999999999999911182158029987476766109466552734375
sibei/bqbuchangqi/zhijiaowb/0=21,1.5999999999999999222843882762390421703457832336425781250
sanbei/bqbuchangqi/zhijiaowb/0=15,1.4999999999999999167332731531132594682276248931884765625
hongdian/0/chuizhiwb/0=7,1.2999999999999999056310429068616940639913082122802734375
sibei/0/0/0=28,1.5999999999999999222843882762390421703457832336425781250
erbei/0/muzhiwb/0=13,1.4999999999999999167332731531132594682276248931884765625
hongdian/0/0/0=9,1.4
0/0/banjieshiwb/0=8,1.1999999999999999000799277837359113618731498718261718750
hongdian/bqbuchangqi/0/0=7,1.2999999999999999056310429068616940639913082122802734375
quanxi/0/0/0=9,1.4
0/bqbuchangqi/chuizhiwb/0=7,1.1999999999999999000799277837359113618731498718261718750
erbei/bqxiaoyanqi/zhijiaowb/zhanshuqiangtuo=12,1.3999999999999999111821580299874767661094665527343750000
quanxi/bqbuchangqi/zhijiaowb/0=7,1.2999999999999999056310429068616940639913082122802734375
0/0/0/zhanshuqiangtuo=8,1.399999999999999911182158029987476766109466552734375
sanbei/0/banjieshiwb/0=18,1.4999999999999999167332731531132594682276248931884765625
hongdian/bqbuchangqi/zhijiaowb/0=7,1.2999999999999999056310429068616940639913082122802734375
0/bqbuchangqi/banjieshiwb/0=7,1.1999999999999999000799277837359113618731498718261718750
quanxi/bqbuchangqi/0/0=7,1.399999999999999911182158029987476766109466552734375
